-7.42174
-7.42174
-11.0735
-10.6766
-5.97443
3.3597
17.1825
35.219
57.2255
82.7578
111.556
142.93
175.894
209.814
243.776
276.906
308.258
336.554
360.782
379.98
393.154
399.334
397.685
387.882
369.409
342.023
305.98
261.259
208.251
147.64
79.9959
6.22724
-72.539
-155.126
-240.378
-326.963
-413.348
-498.076
-579.7
-656.516
-727.22
-790.323
-844.288
-888.522
-922
-943.78
-953.793
-951.542
-936.919
-910.217
-871.493
-821.29
-760.568
-690.215
-611.04
-524.403
-431.809
-334.337
-233.859
-131.884
-29.5848
70.9743
168.185
260.943
347.312
425.668
495.003
553.729
600.834
635.733
657.516
665.792
660.657
642.265
610.934
567.324
512.693
448.234
375.403
295.831
211.419
124.381
36.914
-48.5548
-129.555
-203.517
-267.884
-320.477
-358.887
-381.064
-385.737
-371.13
-336.2
-281.027
-204.574
-107.096
10.3127
147.74
303.832
476.686
665.009
866.093
1077.2
1296.11
1519.78
1744.66
1967.8
2186.3
2396.69
2595.66
2780.43
2947.47
3094.09
3218.3
3317.13
3388.27
3430.6
3442.24
3422.02
3369.89
3285.17
3168.3
3020.29
2841.67
2633.6
2398.32
2137.97
1854.44
1550.99
1230.77
896.902
553.907
205.509
-144.192
-490.056
-828.424
-1155.22
-1465.79
-1757.01
-2025.13
-2266.68
-2479.44
-2660.8
-2808.95
-2923.01
-3001.98
-3045.57
-3054.74
-3030.12
-2972.73
-2885.5
-2770.59
-2630.88
-2470.27
-2292.11
-2100.5
-1900.63
-1696.85
-1493.36
-1295.81
-1108.46
-935.421
-781.472
-650.004
-543.818
-466.215
-418.83
-402.854
-419.46
-468.426
-548.947
-660.335
-801.106
-968.453
-1159.96
-1372.55
-1602.12
-1845.16
-2096.86
-2351.45
-2604.11
-2849.23
-3080.84
-3293.03
-3480.36
-3637.25
-3759.29
-3841.99
-3881.65
-3875.03
-3819.54
-3714.16
-3557.51
-3349.48
-3090.61
-2782.16
-2426.22
-2026.28
-1585.68
-1109.18
-602.204
-70.3448
479.745
1040.94
1605.63
2166.35
2715.53
3245.73
3749.46
4219.12
4648.89
5033.5
5367.07
5644.95
5864.36
6022.58
6117.77
6149.31
6116.86
6021.41
5864.51
5649.34
5378.42
5056.25
4687.63
4278.11
3833.49
3360.46
2865.8
2356.92
1841.21
1325.49
817.426
324.412
-147.457
-591.333
-1001.08
-1371.51
-1697.97
-1975.87
-2201.99
-2374.23
-2490.08
-2549.22
-2552.01
-2499
-2392.56
-2236.03
-2032.73
-1787.88
-1507.6
-1197.83
-865.792
-519.719
-167.113
183.854
524.863
848.104
1146.12
1411.65
1638.57
1820.6
1952.55
2030.8
2052.3
2014.99
1918.37
1762.36
1548.86
1280.18
959.648
592.18
182.922
-262.14
-735.436
-1229.83
-1738.05
-2251.14
-2761.27
-3260.63
-3740.15
-4192.86
-4610.95
-4987.09
-5314.89
-5589.3
-5804.86
-5957.85
-6044.94
-6063.56
-6011.45
-5888.19
-5692.72
-5425.57
-5088.8
-4684.57
-4216.73
-3690.03
-3109.31
-2481.81
-1815.38
-1117.51
-397.474
334.675
1069.2
1795.51
2502.63
3179.85
3816.55
4402.64
4928.34
5384.55
5763.47
6058.43
6264.18
6375.84
6390.99
6309.81
6132.46
5861.51
5501.49
5057.32
4537.13
3949.81
3305.46
2615.1
1890.45
1145.13
391.952
-355.954
-1085.86
-1785.61
-2443.07
-3048.17
-3592.07
-4066.63
-4465.03
-4783.26
-5016.76
-5163.41
-5221.98
-5193.37
-5079.13
-4881.49
-4605.07
-4254.6
-3835.44
-3355.32
-2821.52
-2242.51
-1626.9
-984.242
-324.384
343.106
1008.4
1661.82
2294.08
2895.8
3458.14
3972.11
4429.33
4820.86
5139.75
5379.9
5535.9
5603.65
5580.12
5463.55
5254.1
4953.96
4566.61
4098.27
3556.75
2951.46
2293.79
1596.31
872.778
139.233
-589.45
-1299.19
-1973.94
-2599.88
-3163.33
-3651.83
-4054.33
-4361.83
-4565.53
-4661.28
-4646.46
-4520.66
-4285.76
-3946.19
-3507.73
-2979.45
-2373.45
-1700.97
-974.493
-208.95
581.205
1380.45
2173.38
2946.61
3687.39
4383.09
5024.55
5603.57
6111.84
6542.86
6891.97
7155.53
7330.5
7414.75
7406.17
7303.65
7107.51
6816.5
6432.33
5957.35
5394.15
4744.89
4016.22
3211.24
2336.02
1398.79
408.403
-626.251
-1695.57
-2788.85
-3895
-5000.61
-6091.76
-7154.59
-8175.65
-9137.24
-10025.6
-10824.5
-11518.2
-12093.6
-12539.6
-12848.4
-13014.2
-13033.1
-12904.3
-12631.1
-12220.6
-11682.8
-11029.1
-10276.9
-9445.62
-8552.32
-7619.12
-6663.81
-5705.36
-4765.13
-3858.65
-3000.51
-2204.57
-1481.5
-843.788
-301.429
138.485
470.737
693.451
805.182
811.882
722.136
543.386
289.732
-26.8387
-391.074
-786.777
-1205.71
-1634.86
-2064.74
-2490.96
-2903.2
-3298.6
-3671.53
-4012.34
-4319.83
-4585.66
-4801.65
-4960.06
-5047.96
-5058.83
-4983.3
-4812.59
-4539.49
-4152.35
-3647
-3014.75
-2250.74
-1361.3
-337.891
811.959
2074.06
3450.84
4921.55
6463.4
8067.65
9706.31
11358
13009.2
14631.4
16197.2
17684.1
19072
20323
21410.4
22314.7
22989.4
23434.4
23628.3
23434.4
22989.4
22314.7
21410.4
20323
19072
17684.1
16197.2
14631.4
13009.2
11358
9706.31
8067.65
6463.4
4921.55
3450.84
2074.06
811.959
-337.891
-1361.3
-2250.74
-3014.75
-3647
-4152.35
-4539.49
-4812.59
-4983.3
-5058.83
-5047.96
-4960.06
-4801.65
-4585.66
-4319.83
-4012.34
-3671.53
-3298.6
-2903.2
-2490.96
-2064.74
-1634.86
-1205.71
-786.777
-391.074
-26.8387
289.732
543.386
722.136
811.882
805.182
693.451
470.737
138.485
-301.429
-843.788
-1481.5
-2204.57
-3000.51
-3858.65
-4765.13
-5705.36
-6663.81
-7619.12
-8552.32
-9445.62
-10276.9
-11029.1
-11682.8
-12220.6
-12631.1
-12904.3
-13033.1
-13014.2
-12848.4
-12539.6
-12093.6
-11518.2
-10824.5
-10025.6
-9137.24
-8175.65
-7154.59
-6091.76
-5000.61
-3895
-2788.85
-1695.57
-626.251
408.403
1398.79
2336.02
3211.24
4016.22
4744.89
5394.15
5957.35
6432.33
6816.5
7107.51
7303.65
7406.17
7414.75
7330.5
7155.53
6891.97
6542.86
6111.84
5603.57
5024.55
4383.09
3687.39
2946.61
2173.38
1380.45
581.205
-208.95
-974.493
-1700.97
-2373.45
-2979.45
-3507.73
-3946.19
-4285.76
-4520.66
-4646.46
-4661.28
-4565.53
-4361.83
-4054.33
-3651.83
-3163.33
-2599.88
-1973.94
-1299.19
-589.45
139.233
872.778
1596.31
2293.79
2951.46
3556.75
4098.27
4566.61
4953.96
5254.1
5463.55
5580.12
5603.65
5535.9
5379.9
5139.75
4820.86
4429.33
3972.11
3458.14
2895.8
2294.08
1661.82
1008.4
343.106
-324.384
-984.242
-1626.9
-2242.51
-2821.52
-3355.32
-3835.44
-4254.6
-4605.07
-4881.49
-5079.13
-5193.37
-5221.98
-5163.41
-5016.76
-4783.26
-4465.03
-4066.63
-3592.07
-3048.17
-2443.07
-1785.61
-1085.86
-355.954
391.952
1145.13
1890.45
2615.1
3305.46
3949.81
4537.13
5057.32
5501.49
5861.51
6132.46
6309.81
6390.99
6375.84
6264.18
6058.43
5763.47
5384.55
4928.34
4402.64
3816.55
3179.85
2502.63
1795.51
1069.2
334.675
-397.474
-1117.51
-1815.38
-2481.81
-3109.31
-3690.03
-4216.73
-4684.57
-5088.8
-5425.57
-5692.72
-5888.19
-6011.45
-6063.56
-6044.94
-5957.85
-5804.86
-5589.3
-5314.89
-4987.09
-4610.95
-4192.86
-3740.15
-3260.63
-2761.27
-2251.14
-1738.05
-1229.83
-735.436
-262.14
182.922
592.18
959.648
1280.18
1548.86
1762.36
1918.37
2014.99
2052.3
2030.8
1952.55
1820.6
1638.57
1411.65
1146.12
848.104
524.863
183.854
-167.113
-519.719
-865.792
-1197.83
-1507.6
-1787.88
-2032.73
-2236.03
-2392.56
-2499
-2552.01
-2549.22
-2490.08
-2374.23
-2201.99
-1975.87
-1697.97
-1371.51
-1001.08
-591.333
-147.457
324.412
817.426
1325.49
1841.21
2356.92
2865.8
3360.46
3833.49
4278.11
4687.63
5056.25
5378.42
5649.34
5864.51
6021.41
6116.86
6149.31
6117.77
6022.58
5864.36
5644.95
5367.07
5033.5
4648.89
4219.12
3749.46
3245.73
2715.53
2166.35
1605.63
1040.94
479.745
-70.3448
-602.204
-1109.18
-1585.68
-2026.28
-2426.22
-2782.16
-3090.61
-3349.48
-3557.51
-3714.16
-3819.54
-3875.03
-3881.65
-3841.99
-3759.29
-3637.25
-3480.36
-3293.03
-3080.84
-2849.23
-2604.11
-2351.45
-2096.86
-1845.16
-1602.12
-1372.55
-1159.96
-968.453
-801.106
-660.335
-548.947
-468.426
-419.46
-402.854
-418.83
-466.215
-543.818
-650.004
-781.472
-935.421
-1108.46
-1295.81
-1493.36
-1696.85
-1900.63
-2100.5
-2292.11
-2470.27
-2630.88
-2770.59
-2885.5
-2972.73
-3030.12
-3054.74
-3045.57
-3001.98
-2923.01
-2808.95
-2660.8
-2479.44
-2266.68
-2025.13
-1757.01
-1465.79
-1155.22
-828.424
-490.056
-144.192
205.509
553.907
896.902
1230.77
1550.99
1854.44
2137.97
2398.32
2633.6
2841.67
3020.29
3168.3
3285.17
3369.89
3422.02
3442.24
3430.6
3388.27
3317.13
3218.3
3094.09
2947.47
2780.43
2595.66
2396.69
2186.3
1967.8
1744.66
1519.78
1296.11
1077.2
866.093
665.009
476.686
303.832
147.74
10.3127
-107.096
-204.574
-281.027
-336.2
-371.13
-385.737
-381.064
-358.887
-320.477
-267.884
-203.517
-129.555
-48.5548
36.914
124.381
211.419
295.831
375.403
448.234
512.693
567.324
610.934
642.265
660.657
665.792
657.516
635.733
600.834
553.729
495.003
425.668
347.312
260.943
168.185
70.9743
-29.5848
-131.884
-233.859
-334.337
-431.809
-524.403
-611.04
-690.215
-760.568
-821.29
-871.493
-910.217
-936.919
-951.542
-953.793
-943.78
-922
-888.522
-844.288
-790.323
-727.22
-656.516
-579.7
-498.076
-413.348
-326.963
-240.378
-155.126
-72.539
6.22724
79.9959
147.64
208.251
261.259
305.98
342.023
369.409
387.882
397.685
399.334
393.154
379.98
360.782
336.554
308.258
276.906
243.776
209.814
175.894
142.93
111.556
82.7578
57.2255
35.219
17.1825
3.3597
-5.97443
-10.6766
-11.0735
