-0.000198766
-0.000293252
-0.000422573
-0.000606572
-0.000779171
-0.000918217
-0.000905841
-0.000722613
-0.000589812
-0.000588931
-0.000653909
-0.000679339
-0.000701432
-0.000762669
-0.000777888
-0.000664888
-0.000564266
-0.000450081
-0.000231539
-0.000238301
-0.000179242
-6.90724e-05
-0.000120273
6.61233e-05
0.000269267
0.000324014
0.000377075
0.000397341
0.000328583
0.000273301
0.000188559
3.39028e-05
2.07287e-05
4.97318e-05
3.85934e-05
-7.7647e-05
-0.000304759
-0.000440294
-0.000519604
-0.000527122
-0.00040267
-0.000354984
-0.000337989
-0.000274166
-0.000338329
-0.000220312
4.123e-05
9.68033e-05
0.000104734
0.000191554
0.000312666
0.000138744
-9.53724e-05
-0.000140401
-0.000263732
-0.000431735
-0.000513777
-0.000315086
-0.000156301
-0.000144592
9.72313e-05
0.000291238
0.000197908
0.000187396
0.000166639
0.000116567
0.000270138
0.000133053
-0.000105243
3.75627e-06
8.6302e-05
3.23394e-05
9.07379e-05
0.000288119
0.000550531
0.000532167
0.000329502
0.000331944
0.000210564
0.000141335
0.000157402
0.000104677
0.000208308
0.000210263
0.000127343
6.6372e-06
-8.97979e-05
-0.000168361
-0.000296075
-0.000219132
-0.000178754
-0.000212745
-0.000302363
-0.000529257
-0.000508783
-0.000296855
-0.000210051
-5.09139e-05
0.000210368
0.000238984
0.000270082
0.000383177
0.000331702
0.000360802
0.000494588
0.000525467
0.00049476
0.000456557
0.000470056
0.000435863
0.000342569
0.000418978
0.000362691
0.000234639
0.000132529
-0.000284493
-0.000520626
-0.000602986
-0.000695831
-0.000575436
-0.000484859
-0.000262181
-2.55843e-05
2.47934e-05
1.44734e-06
-3.17147e-05
-3.09385e-05
-0.000122411
-5.05345e-05
6.16381e-05
2.44846e-05
-4.04601e-05
-0.000173252
-0.000233273
-0.000334933
-0.000294316
-5.66362e-05
-4.40883e-05
5.6009e-06
0.000116697
3.62636e-05
2.68148e-05
2.98996e-05
0.000124061
0.000470346
0.000632231
0.000693052
0.000853685
0.000770185
0.000471215
0.000292161
0.000125679
2.09287e-05
4.03459e-05
-0.000115492
-0.000123938
-6.35361e-05
-0.000197126
-0.000337487
-0.000408016
-0.000281066
-0.000238312
-0.000251772
-0.000148542
-0.000148313
-0.000321172
-0.000642947
-0.000759264
-0.000583045
-0.000444856
-0.000253559
-5.67611e-05
0.000174436
0.000368346
0.000384628
0.000539667
0.000575824
0.000660886
0.000771159
0.000726705
0.000752383
0.00050256
0.000464482
0.000450166
0.00022555
0.000313983
0.000333363
0.000378787
0.000288371
-3.26748e-05
-1.86971e-05
-2.25465e-05
-0.00023695
-0.0002876
-0.00016049
-6.42673e-05
-0.000128379
-0.000175468
-0.000205578
-0.00028664
-0.000307514
-0.000391158
-0.000371293
-0.000311806
-0.000446397
-0.00042375
-0.000415227
-0.000367299
-0.00018626
-0.000197231
-4.4764e-05
0.000142012
0.000151447
0.000217083
0.000285478
0.000265349
0.000290823
0.000430405
0.000378014
0.000325309
0.000467814
0.000436312
0.000428802
0.000507102
0.000334624
0.000171145
0.000174325
7.5287e-05
-7.92828e-05
-0.000108791
-0.000237533
-0.000369076
-0.000394143
-0.000520895
-0.000470472
-0.000434917
-0.000468992
-0.00020468
-0.000171257
-0.000249254
-0.000133291
-0.000153447
-4.932e-05
0.000135824
0.000324653
0.000521544
0.000565557
0.000589792
0.000557631
0.000563126
0.000430934
0.000233912
0.000106076
-0.000106258
-0.000281376
-0.00050281
-0.000539055
-0.000637124
-0.000690222
-0.000497613
-0.000587124
-0.000368472
-7.41119e-06
3.74668e-05
0.000237089
0.000277921
0.000284262
0.000420173
0.000274987
0.000183953
0.000158777
0.000113509
0.000170637
5.31225e-05
-0.00010279
-0.00015534
-6.62248e-05
-9.49159e-05
-0.000341149
-0.000260057
-0.000153512
-0.000154162
-8.2728e-05
-0.000116662
-0.000148943
-0.000156029
-0.000199235
-0.000241541
-6.07543e-05
4.51883e-05
-7.84781e-06
0.000171051
0.000266156
0.00031127
0.000329995
0.000174492
0.000250636
0.000374392
0.000271631
0.000125192
5.57966e-05
7.73053e-05
7.60106e-05
0.00013341
0.000235888
0.000339117
0.000368192
0.000275129
0.00026966
8.88539e-05
-1.24444e-05
0.000172571
0.000101987
0.000120707
0.000225992
0.000143533
4.76683e-05
-0.000153683
-0.00024289
-0.000271748
-0.000368065
-0.000420244
-0.000559878
-0.000736943
-0.000807119
-0.000873657
-0.000900158
-0.000724779
-0.000586352
-0.000400527
-0.000103371
1.21906e-05
0.000178265
0.000363713
0.000338876
0.000492627
0.000661649
0.000571011
0.000646802
0.000677099
0.000436555
0.000263741
0.000174191
-3.7487e-05
-0.00025816
-0.000403123
-0.000650965
-0.000809801
-0.000871521
-0.000947753
-0.000985655
-0.00100911
-0.000927197
-0.000889159
-0.0008437
-0.000709062
-0.000668629
-0.000666849
-0.000628456
-0.000492394
-0.000307095
-0.000202383
-6.35371e-05
0.000132417
0.000190308
0.000158553
0.000147535
7.74734e-05
9.80153e-05
0.000152779
0.000131011
0.000332117
0.000594418
0.000784662
0.00100636
0.00120545
0.00132131
0.00126141
0.00117043
0.00113434
0.0012276
0.00129133
0.00123956
0.00135475
0.00144372
0.00142258
0.00135815
0.00131707
0.00139741
0.00145724
0.00143399
0.00149014
0.00164565
0.00166677
0.00173865
0.0018939
0.00206606
0.00228639
0.00234675
0.00229587
0.0022145
0.00223288
0.00222407
0.00206367
0.00201286
0.00204752
0.00211514
0.00215605
0.00209484
0.00211241
0.00216605
0.00203788
0.00182779
0.00170415
0.00151474
0.00122667
0.00096933
0.000615603
0.000281189
-6.13293e-05
-0.000512503
-0.000749069
-0.00104034
-0.00145745
-0.0014848
-0.00159181
-0.0020444
-0.00226693
-0.00254965
-0.00306142
-0.00348432
-0.00394971
-0.00428224
-0.00456827
-0.00505478
-0.00542903
-0.00575162
-0.00617839
-0.0065588
-0.00700652
-0.00747144
-0.00765183
-0.00780075
-0.00801484
-0.00814685
-0.00835584
-0.00857762
-0.0087242
-0.00871391
-0.00860362
-0.0084461
-0.00817365
-0.00802646
-0.00792894
-0.00789834
-0.00815441
-0.00832696
-0.00843798
-0.0086838
-0.00880745
-0.00897759
-0.00924196
-0.00954101
-0.00988522
-0.0101032
-0.0103317
-0.010455
-0.0104501
-0.0104077
-0.0102697
-0.0101553
-0.010014
-0.00988497
-0.00974499
-0.00940391
-0.00894534
-0.00854369
-0.00809376
-0.00753382
-0.00689089
-0.00629788
-0.00573129
-0.00494467
-0.00411981
-0.00341771
-0.00280481
-0.00211393
-0.00154199
-0.00112754
-0.000472634
2.87048e-05
0.000399117
0.000907648
0.00135311
0.00189484
0.00244752
0.00297165
0.00366546
0.00431455
0.00496447
0.00582083
0.00658623
0.00723008
0.00800571
0.00893475
0.00994402
0.0107904
0.0115467
0.0124289
0.0131423
0.0135837
0.0139798
