0.614073
0.622359
0.621927
0.62244
0.624011
0.615267
0.6075
0.608329
0.616062
0.634732
0.654869
0.674271
0.692591
0.699648
0.700438
0.701094
0.697641
0.689414
0.680819
0.671998
0.665707
0.663529
0.649454
0.623284
0.602834
0.579454
0.542468
0.505074
0.469636
0.432361
0.397313
0.361081
0.325026
0.29302
0.262039
0.224136
0.17824
0.139657
0.112981
0.0940378
0.0842494
0.0846817
0.0850105
0.0849355
0.0979099
0.102803
0.0924772
0.0792129
0.047522
0.0107047
-0.0198931
-0.0701076
-0.128387
-0.171812
-0.207255
-0.230363
-0.239925
-0.250743
-0.255418
-0.242712
-0.232702
-0.238157
-0.256845
-0.286032
-0.319834
-0.365683
-0.419968
-0.472393
-0.515844
-0.546492
-0.570765
-0.581912
-0.582999
-0.58208
-0.571799
-0.553397
-0.546161
-0.555956
-0.566345
-0.588277
-0.613284
-0.619182
-0.632327
-0.639561
-0.618798
-0.594826
-0.565834
-0.523548
-0.47858
-0.431791
-0.381139
-0.343022
-0.323157
-0.310427
-0.307563
-0.317271
-0.340056
-0.361032
-0.372471
-0.388937
-0.410872
-0.431334
-0.433077
-0.420623
-0.418177
-0.416494
-0.417713
-0.436875
-0.451173
-0.451687
-0.461792
-0.47083
-0.468257
-0.473755
-0.467475
-0.431209
-0.393027
-0.356724
-0.3065
-0.253116
-0.210977
-0.179358
-0.162156
-0.15637
-0.142005
-0.127264
-0.128444
-0.131755
-0.131646
-0.128172
-0.108346
-0.0703256
-0.0270585
0.0144727
0.0518006
0.0820966
0.10833
0.131162
0.140679
0.139588
0.135848
0.123949
0.111765
0.0997287
0.100248
0.130917
0.165269
0.201868
0.250029
0.297435
0.341904
0.391356
0.450239
0.502086
0.54812
0.584916
0.60082
0.603018
0.59532
0.592671
0.584982
0.575445
0.586696
0.59613
0.615472
0.6586
0.689475
0.711893
0.746328
0.768145
0.772825
0.7795
0.770764
0.744818
0.729011
0.727602
0.726859
0.722235
0.72469
0.737611
0.747733
0.759817
0.772834
0.773928
0.777231
0.784983
0.782006
0.765615
0.748736
0.724308
0.680265
0.635096
0.599546
0.574827
0.567262
0.575976
0.587684
0.599246
0.613374
0.618142
0.611671
0.602512
0.579858
0.542403
0.5048
0.463146
0.415099
0.359358
0.293015
0.224093
0.164787
0.118277
0.0751502
0.0508024
0.0494292
0.0452309
0.0382654
0.0228633
-0.00911223
-0.0440564
-0.0815099
-0.127869
-0.182004
-0.236319
-0.278659
-0.31435
-0.351161
-0.380008
-0.404859
-0.423271
-0.427146
-0.432045
-0.440729
-0.443498
-0.460474
-0.503743
-0.549358
-0.594677
-0.652336
-0.713308
-0.759569
-0.781544
-0.780862
-0.772797
-0.771535
-0.765069
-0.741605
-0.718896
-0.713605
-0.709894
-0.703892
-0.713041
-0.735769
-0.768532
-0.805103
-0.830111
-0.848972
-0.874351
-0.892546
-0.883346
-0.863384
-0.853985
-0.827241
-0.771944
-0.725046
-0.698929
-0.676129
-0.653988
-0.637142
-0.617352
-0.600562
-0.585149
-0.552687
-0.524327
-0.508739
-0.473278
-0.417633
-0.364316
-0.317024
-0.271075
-0.22895
-0.202755
-0.200634
-0.211595
-0.217988
-0.210202
-0.198654
-0.196599
-0.18736
-0.159125
-0.128956
-0.0965449
-0.0443463
0.0166601
0.0775906
0.142712
0.195995
0.239737
0.290641
0.32435
0.337564
0.356801
0.368791
0.37585
0.383041
0.384459
0.404468
0.438496
0.464207
0.484819
0.51193
0.545416
0.573252
0.599907
0.634733
0.663123
0.671634
0.667014
0.654772
0.638653
0.634201
0.643361
0.649003
0.650445
0.647811
0.636311
0.62187
0.602195
0.579177
0.560278
0.53952
0.513532
0.481391
0.441851
0.409248
0.388653
0.365035
0.341599
0.32894
0.325659
0.343188
0.372439
0.389096
0.408379
0.432827
0.440679
0.427391
0.391423
0.337076
0.281511
0.234586
0.190941
0.155716
0.139426
0.124521
0.104822
0.097644
0.0943263
0.0834751
0.0738736
0.0667005
0.0526105
0.0305731
0.00295767
-0.036838
-0.0799423
-0.117125
-0.166392
-0.225542
-0.269848
-0.300381
-0.33723
-0.376809
-0.401793
-0.413846
-0.418466
-0.427873
-0.45111
-0.479474
-0.500387
-0.513728
-0.536502
-0.554693
-0.553895
-0.552738
-0.545142
-0.524283
-0.495655
-0.458478
-0.417439
-0.377524
-0.341177
-0.308346
-0.297376
-0.314979
-0.334795
-0.358051
-0.400209
-0.447853
-0.488191
-0.512899
-0.514643
-0.510281
-0.51039
-0.505286
-0.495999
-0.49672
-0.518849
-0.5524
-0.577725
-0.599807
-0.634694
-0.669217
-0.700904
-0.741155
-0.765405
-0.768947
-0.747955
-0.692805
-0.634324
-0.582781
-0.541517
-0.512941
-0.485884
-0.467456
-0.454342
-0.442993
-0.439435
-0.433827
-0.415333
-0.386006
-0.347345
-0.292972
-0.231325
-0.173829
-0.115627
-0.0662117
-0.0414869
-0.027974
-0.0147629
-0.0157564
-0.0270876
-0.0500297
-0.0926439
-0.117239
-0.121393
-0.129381
-0.115071
-0.0880831
-0.0629304
-0.0192016
0.026895
0.0763592
0.147428
0.227194
0.294344
0.335913
0.376935
0.424294
0.462273
0.516334
0.580316
0.629713
0.687024
0.742549
0.775326
0.812457
0.841997
0.847021
0.848308
0.839368
0.830607
0.834151
0.839348
0.857823
0.88511
0.91299
0.936505
0.936968
0.935689
0.948452
0.956453
0.97217
0.987352
0.980348
0.971362
0.952675
0.925064
0.910314
0.898765
0.889414
0.87622
0.859377
0.849157
0.835073
0.821961
0.805247
0.777707
0.755856
0.731268
0.710991
0.723835
0.754499
0.789022
0.82451
0.833875
0.817333
0.787434
0.73765
0.689525
0.658858
0.625988
