0
0
0
0
0
0
0
0
0
0
0
0
0
0
0
0
0
0
0
0
0
0
0
0
0
0
0
0
0
0
0
0
0
0
0
0
0
0
0
0
0
0
0
0
0
0
0
0
0
0
0
0
0
0
0
0
0
0
0
0
0
0
0
0
0
0
0
0
0
0
0
0
0
0
0
0
0
0
0
0
0
0
0
0
0
0
0
0
0
0
0
0
0
0
0
0
0
0
0
0
0
0
0
0
0
0
0
0
0
0
0
0
0
0
0
0
0
0
0
0
0
0
0
0
0
0
0
0
0
0
0
0
0
0
0
0
0
0
0
0
0
0
0
0
0
0
0
0
0
0
0
0
0
0
0
0
0
0
0
0
0
0
0
0
0
0
0
0
0
0
0
0
0
0
0
0
0
0
0
0
0
0
0
0
0
0
0
0
0
0
0
0
0
0
0
0
0
0
0
0
0
0
0
0
0
0
0
0
0
0
0
0
0
0
0
0
0
0
0
0
0
0
0
0
0
0
0
0
0
0
0
0
0
0
0
0
0
0
0
0
0
0
0
0
0
0
0
0
0
0
0
0
0
0
0
0
0
0
0
0
0
0
0
0
0
0
0
0
0
0
0
0
0
0
0
0
0
0
0
0
0
0
0
0
0
0
0
0
0
0
0
0
0
0
0
0
0
0
0
0
0
0
0
0
0
0
0
0
0
0
0
0
0
0
0
0
0
0
0
0
0
0
0
0
0
0
0
0
0
0
0
0
0
0
0
0
0
0
0
0
0
0
0
0
0
0
0
0
0
0
0
0
0
0
0
0
0
0
0
0
0
0
0
0
0
0
0
0
0
0
0
0
0
0
0
0
0
0
0
0
0
0
0
0
0
0
0
0
0
0
0
0
0
0
0
0
0
0
0
0
0
0
0
0
0
0
0
0
0
0
0
0
0
0
0
0
0
0
0
0
0
0
0
0
0
0
0
0
0
0
0
0
0
0
0
0
0
0
0
0
0
0
0
0
0
0
0
0
0
0
0
0
0
0
0
0
0
0
0
0
0
0
0
0
0
0
0
0
0
0
0
0
0
0
0
0
0
0
0
0
0
0
0
0
0
0
0
0
0
0
0
0
0
0
0
0
0
0
0
0
0
0
0
0
0
0
0
0
0
0
0
0.000619066
0.000531425
0.00027385
0.000118406
3.55496e-05
-3.7072e-06
-6.06449e-05
-4.70077e-06
7.91948e-06
-0.00032105
-0.000456122
-0.000199735
-1.24809e-05
0.000138771
0.000230186
0.000164944
-5.76903e-05
-0.000300894
-0.000168604
8.39927e-05
0.000294525
0.000506887
0.000664672
0.000889827
0.000874272
0.000743518
0.000952993
0.00126116
0.00125211
0.00103981
0.000879093
0.000473258
5.49351e-05
9.65189e-06
9.23234e-05
0.000293635
0.000306001
6.25848e-05
-6.70046e-05
-0.000390753
-0.000924016
-0.00123172
-0.00122246
-0.000914185
-0.000621215
-0.000572789
-0.000713653
-0.000885709
-0.00109089
-0.00131089
-0.00117131
-0.000908969
-0.000535096
-2.63563e-05
0.000170835
0.000266261
0.000302995
0.000245892
0.000255381
0.000279631
0.00032735
0.000342542
0.000326833
8.60545e-05
-0.000219831
-0.000313946
-0.000499285
-0.000544514
-0.000416393
-0.000191928
2.04725e-05
-0.000139261
-0.000318342
-0.000429364
-0.000508371
-0.000538155
-0.000441561
-4.87618e-05
0.000182885
0.000227589
0.000321747
0.000231312
-1.60158e-05
-0.000104782
6.90089e-05
0.000134166
7.57685e-05
5.42379e-05
-0.000181545
-0.000481969
-0.000803993
-0.000977405
-0.000864239
-0.000769796
-0.000606958
-0.000290725
-3.98006e-05
-0.000141482
-0.000357018
-0.000191718
0.000237278
0.0003884
0.000300999
0.000392906
0.000505728
0.000209059
-0.000294222
-0.000270534
0.00010747
0.000418511
0.000548787
0.000393283
0.00047276
0.000616851
0.000313569
4.1214e-05
0.000196152
0.000618078
0.000976549
0.000961324
0.000713344
0.000791098
0.000821078
0.000456367
0.000308248
0.000328806
0.000382111
0.000342171
-0.000117485
-0.000371585
-0.00032039
-0.000459506
-0.000433285
-0.000140786
0.000345457
0.000702663
0.000604196
0.000546159
0.000571903
0.000533135
0.000245063
-0.000115726
0.000110846
0.00041736
0.000437829
0.000421559
0.000286584
0.000214185
0.000200602
0.000120916
0.000184264
0.000313548
0.000349309
0.000299112
-3.75222e-05
-0.000444604
-0.000645808
-0.000826024
-0.000820463
-0.000618203
-0.000435917
-0.000195983
-3.40475e-05
-0.000139065
-0.000304616
-0.00032129
-0.000306594
-0.000293197
-0.000207785
2.22213e-05
0.000103267
-0.000250246
-0.000512462
-0.000618708
-0.000689211
-0.00064805
-0.000558869
-0.000226844
0.000121098
0.000202582
4.5681e-06
-0.000259421
-0.000328879
-0.000319927
-0.000148337
0.000129765
0.000320767
0.000510582
0.000444424
0.00023879
0.000104625
-0.000182268
-0.000322299
-0.000318363
-0.000319525
-0.000313872
-0.000471136
-0.000658981
-0.000872465
-0.000970328
-0.000796409
-0.000727357
-0.000815974
-0.000668977
-0.000449055
-0.000417042
-0.000423742
-0.000619278
-0.000595179
-8.11891e-05
4.87845e-05
2.77733e-05
0.000267853
0.000448077
0.000238037
-0.000410198
-0.000652691
-0.00070447
-0.000803233
-0.000769544
-0.000819283
-0.000573833
-0.000478975
-0.000839968
-0.0010202
-0.000955011
-0.000723382
-0.000440245
-0.00038327
-0.000285223
-9.31289e-05
-0.000123278
-0.000237024
-0.000155369
0.000141045
0.000557078
0.000955834
0.00109369
0.0011049
0.00103674
0.000707755
0.000266749
8.50199e-05
0.000228045
0.00035509
0.000392838
0.000233369
3.61429e-05
-6.11275e-06
-0.000151301
-0.000259058
-0.00011486
0.000122155
0.000213555
0.00013499
2.81938e-06
-0.000273646
-0.000648094
-0.000714519
-0.000524701
-7.66626e-05
0.000413212
0.000594846
0.000882768
0.000789334
0.00044207
0.000393172
0.000376829
0.000578574
0.000641832
0.000825732
0.00115694
0.000966306
0.000655304
0.000285399
0.000114026
0.000356071
0.000509591
0.000712732
0.000986092
0.000995877
0.000720403
0.000327189
0.000111236
0.000115652
0.000230266
0.00031214
0.000352012
0.000311131
2.59316e-05
-0.00014532
-0.000319822
-0.000397775
-1.47076e-05
0.000187758
0.000227454
0.000226052
8.48103e-05
-0.000196297
-0.000761313
-0.000914594
-0.000593546
-0.000294678
6.18548e-05
0.000406759
0.000707508
0.000887133
0.000777815
0.000696471
0.00090807
0.00103309
0.00101165
0.000972299
0.000757771
0.000445767
0.000119137
-0.000160168
-0.000142242
-4.68563e-05
-8.6582e-05
-7.61026e-05
-0.000263873
-0.000548423
-0.000821677
-0.00108441
-0.00107993
-0.000939117
-0.000654917
-0.000379084
-0.000153604
9.71128e-05
0.000130176
0.000136346
0.000276133
0.000402915
0.000437135
0.000527073
0.000600628
0.000240287
-0.000197411
-0.000313099
-0.000403471
-0.00035043
-0.000119454
-3.7998e-06
0.000142506
0.000280792
0.000270613
0.000159158
7.86585e-05
0.000288625
0.000377204
3.37352e-05
-0.000186833
-0.000274696
-0.000448791
-0.00060996
-0.000820141
-0.00061036
-0.000168031
-0.000148999
-0.000135362
-6.63342e-05
-0.000158226
-0.000335501
-0.000402991
-0.000257893
6.37648e-05
0.000433678
0.000518251
0.000544593
0.000606503
0.000590866
0.0003842
3.81085e-05
0.000122059
0.000422668
0.000325497
-3.07068e-05
-0.000144957
-0.000190458
-0.000316861
-0.000345214
-0.000293384
-2.02428e-05
0.000211381
0.00014809
-8.54775e-05
-0.000321982
-0.000480364
-0.000542034
-0.000462904
-0.00035341
-9.38139e-05
0.00026586
0.000144853
-0.000196759
-0.000154587
-0.000284317
-0.000466383
-0.000195693
6.38899e-06
0.000123878
0.000191448
8.34865e-05
-4.46884e-06
-9.59032e-05
-0.000187582
-0.000119073
0.000130303
0.000220558
0.000215528
4.84361e-05
-0.000369935
-0.000541932
-0.000643572
-0.000647995
-0.000485273
-0.000405528
-0.000240735
-0.000207483
-0.000368484
-0.000588928
-0.000786797
-0.000583338
-0.000315242
-0.000274025
-3.66909e-05
0.000334037
0.000562995
0.000591325
0.000604423
0.000824517
0.00100981
0.00110425
0.00135605
0.00142924
0.00116719
0.00087857
0.000538338
0.000241429
1.7435e-05
-0.000183103
-0.000164277
-0.000121641
-0.00016928
-0.000226179
-0.000378853
-0.000540531
-0.000593101
-0.00061595
-0.000552594
-0.000216896
-2.9522e-05
-8.57787e-05
-0.000100765
-0.00014051
-0.00026147
-0.000391536
-0.000235208
5.55015e-05
0.000158375
0.000274592
0.000381225
0.000249305
0.000104984
0.000115067
0.00013052
0.000154001
0.00035805
0.000617175
0.000904317
0.00105078
0.000912428
0.000918367
0.000921695
0.000729455
0.00051095
0.000346709
0.000232615
9.16078e-05
-0.00019462
-0.000488753
-0.000476111
-0.000454594
-0.000504619
-0.000414232
-0.000230445
-5.95341e-05
-0.000119957
-0.000229472
-0.000195592
-0.00016981
-0.000131225
-1.51612e-05
0.000115254
0.000216494
0.000305419
0.000260674
0.000139828
9.73729e-05
6.68887e-05
0.000165893
0.000261994
0.000214646
0.000173593
8.7473e-05
5.4373e-05
-3.23611e-05
-0.000114857
2.00617e-06
-3.47983e-05
