3.73447
3.73447
38.3876
107.476
212.132
351.287
523.136
722.038
939.59
1165.41
1387.07
1591.06
1763.38
1891.4
1964.76
1975.55
1920.18
1798.21
1611.92
1366.48
1069.08
729.077
356.823
-35.6104
-434.764
-826.211
-1196.57
-1535.65
-1834.75
-2088.94
-2296.74
-2458.97
-2578.17
-2656.38
-2695.73
-2697.66
-2664.24
-2598.93
-2505.81
-2390.48
-2259.39
-2118.74
-1974.46
-1830.85
-1691.38
-1561.07
-1444.61
-1346.61
-1271.94
-1222.56
-1195.63
-1183.96
-1176.21
-1157.85
-1112.89
-1026.5
-887.853
-688.096
-420.258
-78.7293
341.664
843.659
1426.29
2081.64
2792.4
3530.06
4258.4
4938.1
5531.11
6009
6355.04
6564.29
6642.94
6602.36
6452.95
6202.47
5855.74
5415.32
4883.21
4265.58
3573.64
2819.99
2017.03
1174.35
295.719
-618.252
-1568.55
-2553.56
-3563.77
-4581.11
-5580.47
-6531.8
-7405.02
-8174.61
-8819.4
-9324.12
-9676.45
-9865.17
-9879.48
-9710.96
-9356.79
-8820.8
-8116.7
-7266.8
-6298.23
-5237.67
-4106.51
-2919.93
-1687.79
-416.38
886.023
2205.31
3521.03
4809.81
6048.63
7217.35
8302.83
9294.65
10180.1
10939.2
11539.8
11939.6
12091.5
11955
11508.7
10757.4
9733.85
8495.53
7112.33
5653.56
4178.44
2732.96
1348.42
46.8284
-1151.76
-2226.75
-3157.76
-3931.19
-4545.05
-5012.58
-5364.56
-5642.22
-5888.78
-6138.31
-6410.01
-6706.78
-7018.17
-7328.45
-7623.89
-7896.68
-8145.42
-8371.21
-8570.34
-8732.09
-8839.3
-12484.9
-12461.5
-12258.1
-8372.48
-8003.82
-7542.39
-6985.53
-6318.58
-5516.49
-4548.52
-3386.64
-2017.8
-447.155
1304.41
3204.78
5218.59
7312.64
9456.72
11616.4
13743.8
15769.4
376.75
972.327
1739.88
3798.03
3855.6
3120.44
1097.55
541.81
45.2026
14360.8
12256.1
10042
7753.64
5422.84
3088.76
798.481
-1399.75
-3465.81
-5377.37
-7136.49
-8766.51
-10300.9
-11768.1
-13178.5
-14520.5
-15761.6
-16859.6
-17776.3
-18484.3
-18974.2
-19248.2
-19313.7
-19172.2
-18818.5
-18243.6
-17441.3
-16417.2
-15193.7
-13808.1
-12302.3
-10709.9
-9045.8
-7303.91
-5459.42
-3481.61
-1351.37
-2781.78
-1237.02
470.287
2484.22
4831.81
7412.5
9744.17
12006.3
14378.4
34.0136
632.301
1149.73
1839.08
3062.42
3615.73
10595.4
5885.19
1708.15
479.034
15530.3
13149.7
10773.9
8425.04
6128.47
3921.69
1848.94
-48.6518
-1748.63
-3259.46
-4622.76
-5902.22
-7163.74
-8454.86
-9791.75
-11156.9
-12510.6
-13805.9
-15004.7
-16087.7
-17052.2
-17900.4
-18627.9
-19214.8
-19627.9
-19832.3
-19801.6
-19530.5
-19040.7
-18368.8
-17548.5
-16594.7
-15491.5
-14195.9
-12645.5
-10783.8
-8582.59
-6047.49
-3220.23
-163.342
3056.87
6384.17
9774.22
13181.1
134.685
1538.63
5564.03
8762.44
13369.3
15164.1
6560.5
4031.93
1679.94
834.115
15207.7
11741.1
6206.08
3438.39
933.808
-1435.72
-3569.5
-4779.64
-6595.15
-7969.63
-8936.73
-9519.33
-9851.2
-8304.4
-14767
-16176.3
-17708.1
-18316.9
-19611.2
-20652.7
-21513.2
-22024.3
-18030.3
-19211.6
-20247.6
-21101.2
-21721.2
-22059.4
-22084.2
-21794.8
-21216.1
-20380
-19303.9
-17975.7
-16349.1
-14351
-11907.5
-8973.4
-5553.24
-1702.25
2484.2
6892.67
11414.5
7.27437
1971.93
8633.17
1253.5
4693.61
491.932
1416.29
375.521
11917.9
8561.65
3611.46
15452.9
6880.18
1108.07
13543.7
8248.37
3016.76
-2058.06
-6872.82
-11305.6
-15222.6
-18498.8
-21050.1
-22853.4
-23948.7
-24427.2
-24394.3
-28285.3
-34097.4
-35132.6
-35091.6
-32618.6
-29447.3
-25842.1
-26982.2
-23925.5
-27393.1
-27659.4
-26278.8
-24662.6
-22510.2
-20041.8
-17317.4
-14497.2
-11648.9
-14765.4
-12333.5
-7062.58
-5487.19
-812.361
-1596.86
-1972.87
-1878.56
-1283.58
-164.171
1512.54
3779.96
6647.53
10067.4
13896.9
655.931
3225.25
7751.71
11107
13149.6
14986.3
15676
15395.7
13624.6
9992
7141.46
3454.03
11245.6
6854.23
2888.65
-591.1
690.157
-4292.27
-9410.42
-14628.3
-19939.2
-25332
-30757.9
-36101
-41177.7
-45761
-49614
-52531.4
-54370.6
-55056.6
-54570.9
-52920.2
-50116.2
-46173.6
-41121.1
-42322
-39219.9
-33256.4
-26938.3
-23042.3
-15096.9
-14883.7
-11799
-8401.53
-2976.22
-4017.92
549.277
3386.95
7652.64
15659.6
2210.18
10621.5
1521.84
4504.74
3761.94
4631.09
10219.7
7950.6
12824.8
352.686
7641.16
413.616
9060.28
1413.9
-5415.47
-11173.7
-15743.2
-19112.9
-21338.4
-22497.4
-22667.6
-21937
-20423.4
-18305.8
-15847.2
-13371.6
-19350.3
-22163.7
-24570.1
-25933.7
-27693
-29652.4
-28769.2
-33253.5
-35544
-31844.5
-37848.2
-44129.1
-50437.1
-56463.1
-61884.5
-66400.4
-69778.8
-71859.3
-72544.6
-71749.7
-69395.9
-65365.8
-59542.8
-51815.7
-42147.1
-30611.8
-17395.5
-2787.39
9022.88
1407.06
6543.03
12212.7
6813.58
4738.04
15050.6
1094.93
8072.78
15742.7
970.872
13569.4
7338.7
6689.58
576.231
3696.29
4109.2
11498.5
5803.79
1362.65
9022.87
-2787.39
-17395.5
-30611.8
-42147.1
-51815.7
-59542.8
-65365.8
-69395.9
-71749.7
-72544.6
-71859.3
-69778.8
-66400.4
-61884.5
-56463.1
-50437.1
-44129.1
-37848.2
-31844.5
-35937.4
-33238.2
-29205.7
-29659.5
-27696
-25773.5
-24569.5
-22132.7
-19350.5
-13371.6
-15847.2
-18305.8
-20423.4
-21937
-22667.6
-22497.4
-21338.4
-19112.9
-15743.2
-11173.7
-5415.47
1413.9
9060.28
370.426
7487.74
303.905
11842.7
7084.14
8613.78
5079.34
15055.3
3469.84
963.105
12200.1
2502.53
15849.4
11912.6
5287.6
877.542
-4030.63
-2988.19
-8303.13
-11937.4
-14934.8
-15198.8
-23222.6
-26929
-33282.9
-39256.5
-42360.1
-41121.1
-46173.6
-50116.2
-52920.2
-54570.9
-55056.6
-54370.6
-52531.4
-49614
-45761
-41177.7
-36101
-30757.9
-25332
-19939.2
-14628.3
-9410.42
-4292.27
690.157
-591.032
2907.8
6869.55
11292.9
2988.06
7014.12
9861.86
13429.5
15173.4
15464.3
14757.3
12940.4
10927.2
7623.07
3142.27
603.208
13896.9
10067.4
6647.53
3779.96
1512.54
-164.171
-1283.58
-1878.56
-1972.87
-1596.86
-812.361
-5487.12
-7306.3
-12485.1
-9999.45
-11658.7
-14496.2
-17318.4
-20037
-22508.9
-24656.2
-25922
-27670.1
-27414.7
-23916.8
-26982.3
-26907.5
-29814.7
-33353.4
-35075.3
-35102.4
-34250.1
-28285.3
-24394.3
-24427.2
-23948.7
-22853.4
-21050.1
-18498.8
-15222.6
-11305.6
-6872.82
-2058.06
3016.76
8248.37
13543.7
1073.45
6760.54
15289.2
3432.57
8145.1
11040.8
73.5908
905.91
409.21
4229.46
1163.02
8499.52
1924.67
0
11414.5
6892.67
2484.2
-1702.25
-5553.24
-8973.4
-11907.5
-14351
-16349.1
-17975.7
-19303.9
-20380
-21216.1
-21794.8
-22084.2
-22059.4
-21721.2
-21101.2
-20247.6
-19211.6
-18030.3
-22496.2
-21513.1
-20660.4
-19603.8
-18316.8
-16850
-16176.3
-14767.6
-8304.41
-9847.53
-9512.01
-8921.47
-7983.35
-6617.7
-4788.77
-3580.17
-1464.33
910.528
3419.15
6217.45
11750.6
15198.6
796.565
1616.24
3881.86
6449.52
14994.3
13203.6
8476.57
5466.99
1484.44
111.701
13181.1
9774.22
6384.17
3056.87
-163.342
-3220.23
-6047.49
-8582.59
-10783.8
-12645.5
-14195.9
-15491.5
-16594.7
-17548.5
-18368.8
-19040.7
-19530.5
-19801.6
-19832.3
-19627.9
-19214.8
-18627.9
-17900.4
-17052.2
-16087.7
-15004.7
-13805.9
-12510.6
-11156.9
-9791.75
-8454.86
-7163.74
-5902.22
-4622.76
-3259.46
-1748.63
-48.6518
1848.94
3921.69
6128.47
8425.04
10773.9
13149.7
15530.3
454.05
1666.12
5780.79
10455.3
3901.55
2995.04
1783.57
1108.76
565.545
21.0574
14173.7
11949.6
9684.26
7349.9
4787.44
2313
470.289
-1237.02
-2781.78
-1351.37
-3481.61
-5459.42
-7303.91
-9045.8
-10709.9
-12302.3
-13808.1
-15193.7
-16417.2
-17441.3
-18243.6
-18818.5
-19172.2
-19313.7
-19248.2
-18974.2
-18484.3
-17776.3
-16859.6
-15761.6
-14520.5
-13178.5
-11768.1
-10300.9
-8766.51
-7136.49
-5377.37
-3465.81
-1399.75
798.481
3088.76
5422.84
7753.64
10042
12256.1
14360.8
34.6138
520.556
1057.74
3061.15
3787.33
3738.35
1698.21
937.824
350.955
15769.4
13743.8
11616.4
9456.72
7312.64
5218.59
3204.78
1304.41
-447.155
-2017.8
-3386.64
-4548.52
-5516.49
-6318.58
-6985.53
-7542.39
-8003.82
-8372.48
-12214.8
-12461.5
-12495.3
-8839.3
-8732.09
-8570.34
-8371.21
-8145.42
-7896.68
-7623.89
-7328.45
-7018.17
-6706.78
-6410.01
-6138.31
-5888.78
-5642.22
-5364.56
-5012.58
-4545.05
-3931.19
-3157.76
-2226.75
-1151.76
46.8284
1348.42
2732.96
4178.44
5653.56
7112.33
8495.53
9733.85
10757.4
11508.7
11955
12091.5
11939.6
11539.8
10939.2
10180.1
9294.65
8302.83
7217.35
6048.63
4809.81
3521.03
2205.31
886.023
-416.38
-1687.79
-2919.93
-4106.51
-5237.67
-6298.23
-7266.8
-8116.7
-8820.8
-9356.79
-9710.96
-9879.48
-9865.17
-9676.45
-9324.12
-8819.4
-8174.61
-7405.02
-6531.8
-5580.47
-4581.11
-3563.77
-2553.56
-1568.55
-618.252
295.719
1174.35
2017.03
2819.99
3573.64
4265.58
4883.21
5415.32
5855.74
6202.47
6452.95
6602.36
6642.94
6564.29
6355.04
6009
5531.11
4938.1
4258.4
3530.06
2792.4
2081.64
1426.29
843.659
341.664
-78.7293
-420.258
-688.096
-887.853
-1026.5
-1112.89
-1157.85
-1176.21
-1183.96
-1195.63
-1222.56
-1271.94
-1346.61
-1444.61
-1561.07
-1691.38
-1830.85
-1974.46
-2118.74
-2259.39
-2390.48
-2505.81
-2598.93
-2664.24
-2697.66
-2695.73
-2656.38
-2578.17
-2458.97
-2296.74
-2088.94
-1834.75
-1535.65
-1196.57
-826.211
-434.764
-35.6104
356.823
729.077
1069.08
1366.48
1611.92
1798.21
1920.18
1975.55
1964.76
1891.4
1763.38
1591.06
1387.07
1165.41
939.59
722.038
523.136
351.287
212.132
107.476
38.3876
