0  
0  
0  
0  
0  
0  
0  
0  
0  
0  
0  
0  
0  
0  
0  
0  
0  
0  
0  
0  
0  
0  
0  
0  
0  
0  
0  
0  
0  
0  
0  
0  
0  
0  
0  
0  
0  
0  
0  
0  
0  
0  
0  
0  
0  
0  
0  
0  
0  
0  
0  
0  
0  
0  
0  
0  
0  
0  
0  
0  
0  
0  
0  
0  
0  
0  
0  
0  
0  
0  
0  
0  
0  
0  
0  
0  
0  
0  
0  
0  
0  
0  
0  
0  
0  
0  
0  
0  
0  
0  
0  
0  
0  
0  
0  
0  
0  
0  
0  
0  
0  
0  
0  
0  
0  
0  
0  
0  
0  
0  
0  
0  
0  
0  
0  
0  
0  
0  
0  
0  
0  
0  
0  
0  
0  
0  
0  
0  
0  
0  
0  
0  
0  
0  
0  
0  
0  
0  
0  
0  
0  
0  
0  
0  
0  
0  
0  
0  
0  
0  
0  
0  
0  
0  
0  
0  
0  
0  
0  
0  
0  
0  
0  
0  
0  
0  
0  
0  
0  
0  
0  
0  
0  
0  
0  
0  
0  
0  
0  
0  
0  
0  
0  
0  
0  
0  
0  
0  
0  
0  
0  
0  
0  
0  
0  
0  
0  
0  
0  
0  
0  
0  
0  
0  
0  
0  
0  
0  
0  
0  
0  
0  
0  
0  
0  
0  
0  
0  
0  
0  
0  
0  
0  
0  
0  
0  
0  
0  
0  
0  
0  
0  
0  
0  
0  
0  
0  
0  
0  
0  
0  
0  
0  
0  
0  
0  
0  
0  
0  
0  
0  
0  
0  
0  
0  
0  
0  
0  
0  
0  
0  
0  
0  
0  
0  
0  
0  
0  
0  
0  
0  
0  
0  
-5.243e-06  
0.0296432  
0.114995  
0.253219  
0.440539  
0.672575  
0.944166  
1.24965  
1.58295  
1.93705  
2.3053  
2.68004  
3.05391  
3.41927  
3.76838  
4.09393  
4.38815  
4.64427  
4.85517  
5.01475  
5.11713  
5.15697  
5.12995  
5.03197  
4.86022  
4.61228  
4.28697  
3.88382  
3.40324  
2.84679  
2.21674  
1.5164  
0.750015  
-0.0773178  
-0.959763  
-1.89041  
-2.86206  
-3.86635  
-4.89468  
-5.93772  
-6.98582  
-8.02887  
-9.05666  
-10.0588  
-11.0246  
-11.9439  
-12.8062  
-13.6017  
-14.3207  
-14.9539  
-15.4931  
-15.93  
-16.2579  
-16.4699  
-16.5612  
-16.5269  
-16.3638  
-16.0697  
-15.6432  
-15.0846  
-14.3947  
-13.5762  
-12.6323  
-11.5679  
-10.3889  
-9.10214  
-7.71569  
-6.23861  
-4.68079  
-3.05323  
-1.36737  
0.36426  
2.12881  
3.91289  
5.70271  
7.4842  
9.24309  
10.9654  
12.6365  
14.2432  
15.7711  
17.2077  
18.5401  
19.7566  
20.846  
21.7983  
22.6044  
23.256  
23.7462  
24.0693  
24.2209  
24.1978  
23.9984  
23.6222  
23.0702  
22.3451  
21.4504  
20.3917  
19.1753  
17.8091  
16.3023  
14.6651  
12.909  
11.0461  
9.08995  
7.05454  
4.95466  
2.80589  
0.62388  
-1.5751  
-3.77481  
-5.9584  
-8.10989  
-10.2126  
-12.2509  
-14.209  
-16.0723  
-17.8263  
-19.4578  
-20.9541  
-22.3037  
-23.4962  
-24.5224  
-25.3743  
-26.0454  
-26.5302  
-26.825  
-26.9275  
-26.8365  
-26.5527  
-26.0782  
-25.4165  
-24.5723  
-23.5521  
-22.3634  
-21.0151  
-19.5175  
-17.8815  
-16.1196  
-14.245  
-12.2716  
-10.2142  
-8.08801  
-5.90916  
-3.69347  
-1.45768  
0.782018  
3.00885  
5.20684  
7.35951  
9.45166  
11.4677  
13.3936  
15.2152  
16.9201  
18.4957  
19.9317  
21.2179  
22.3458  
23.3079  
24.0983  
24.7121  
25.1457  
25.3973  
25.4661  
25.3528  
25.0593  
24.5891  
23.9471  
23.1389  
22.1717  
21.0538  
19.7945  
18.4041  
16.8938  
15.2756  
13.562  
11.7666  
9.90293  
7.98526  
6.02799  
4.04573  
2.05309  
0.0646359  
-1.90519  
-3.84237  
-5.7331  
-7.5642  
-9.32297  
-10.9976  
-12.5765  
-14.0497  
-15.4075  
-16.6413  
-17.7438  
-18.7084  
-19.5299  
-20.2039  
-20.7274  
-21.0984  
-21.3162  
-21.381  
-21.2944  
-21.0589  
-20.6782  
-20.1568  
-19.5005  
-18.7157  
-17.8097  
-16.7909  
-15.6679  
-14.4504  
-13.1483  
-11.7725  
-10.3333  
-8.8425  
-7.311  
-5.75081  
-4.17304  
-2.5896  
-1.01151  
0.549887  
2.08392  
3.58004  
5.02835  
6.41925  
7.74396  
8.99416  
10.1623  
11.2415  
12.2256  
13.1095  
13.8886  
14.5593  
15.1188  
15.5651  
15.8973  
16.1148  
16.2187  
16.2099  
16.0908  
15.8641  
15.5338  
15.1038  
14.579  
13.9651  
13.2678  
12.4938  
11.6497  
10.7429  
9.78044  
8.77066  
7.72086  
6.63945  
5.53412  
4.413  
3.28396  
2.15475  
1.03303  
-0.0738249  
-1.15872  
-2.21494  
-3.23599  
-4.21595  
-5.14908  
-6.03022  
-6.85497  
-7.61897  
-8.31855  
-8.95067  
-9.51266  
-10.0026  
-10.4186  
-10.7602  
-11.0264  
-11.2176  
-11.3341  
-11.377  
-11.3476  
-11.2478  
-11.0799  
-10.8464  
-10.5504  
-10.1951  
-9.78409  
-9.32109  
-8.81031  
-8.2558  
-7.66178  
-7.03302  
-6.37374  
-5.68886  
-4.98282  
-4.26027  
-3.52577  
-2.78385  
-2.03902  
-1.29556  
-0.557645  
0.170703  
0.885451  
1.58294  
2.25969  
2.91236  
3.53778  
4.13318  
4.69577  
5.22326  
5.71339  
6.16417  
6.57402  
6.94119  
7.26485  
7.5436  
7.777  
7.96433  
8.10517  
8.19969  
8.24762  
8.24967  
8.20605  
8.11759  
7.9852  
7.80972  
7.59273  
7.33528  
7.03925  
6.70621  
6.33793  
5.93662  
5.50424  
5.04318  
4.55579  
4.04456  
3.51209  
2.96125  
2.3946  
1.81521  
1.22595  
0.629919  
0.0302922  
-0.570007  
-1.1675  
-1.75927  
-2.34196  
-2.91211  
-3.46699  
-4.00301  
-4.51723  
-5.00657  
-5.46777  
-5.89831  
-6.29507  
-6.65555  
-6.97721  
-7.25745  
-7.49447  
-7.68607  
-7.83051  
-7.92642  
-7.97224  
-7.96736  
-7.91082  
-7.80238  
-7.64189  
-7.42953  
-7.16603  
-6.85225  
-6.4894  
-6.07922  
-5.62363  
-5.1249  
-4.58581  
-4.00933  
-3.39871  
-2.75765  
-2.09018  
-1.40033  
-0.692755  
0.0279329  
0.756869  
1.48875  
2.21865  
2.9411  
3.65057  
4.34196  
5.00952  
5.64804  
6.25229  
6.81691  
7.33726  
7.80846  
8.22588  
8.58576  
8.88391  
9.11718  
9.28253  
9.37726  
9.39963  
9.34802  
9.22138  
9.01954  
8.74261  
8.39135  
7.96736  
7.47255  
6.9097  
6.28204  
5.59345  
4.84841  
4.05193  
3.20954  
2.32739  
1.41187  
0.470033  
-0.490942  
-1.46334  
-2.43923  
-3.41064  
-4.36933  
-5.30683  
-6.21512  
-7.0857  
-7.91048  
-8.68175  
-9.39172  
-10.033  
-10.5992  
-11.0833  
-11.48  
-11.784  
-11.9906  
-12.0961  
-12.0977  
-11.9929  
-11.7806  
-11.4604  
-11.0326  
-10.4989  
-9.86154  
-9.12387  
-8.29016  
-7.36568  
-6.35656  
-5.26967  
-4.11294  
-2.89485  
-1.62494  
-0.313006  
1.03024  
2.39367  
3.76582  
5.13483  
6.48829  
7.81433  
9.10044  
10.3341  
11.5037  
12.5971  
13.6028  
14.5102  
15.3089  
15.989  
16.5419  
16.9599  
17.2356  
17.3636  
17.3391  
17.1586  
16.8198  
16.3222  
15.6661  
14.8535  
13.8878  
12.7737  
11.5173  
10.1264  
8.60978  
6.97775  
5.24169  
3.41442  
1.50976  
-0.45761  
-2.47193  
-4.51672  
-6.57466  
-8.62829  
-10.6594  
-12.6495  
-14.5804  
-16.4337  
-18.1911  
-19.8348  
-21.3478  
-22.7136  
-23.9164  
-24.9417  
-25.7761  
-26.4076  
-26.8251  
-27.0202  
-26.9852  
-26.7145  
-26.2047  
-25.4539  
-24.4626  
-23.2328  
-21.7697  
-20.0796  
-18.1714  
-16.0556  
-13.7455  
-11.2559  
-8.60347  
-5.8067  
-2.88617  
0.136563  
3.23825  
6.39434  
9.57932  
12.767  
15.93  
19.0412  
22.0726  
24.9967  
27.7859  
30.4132  
32.8525  
35.0783  
37.0666  
38.7947  
40.2417  
41.3881  
42.2172  
42.714  
42.8663  
42.6639  
42.1003  
41.1712  
39.8753  
38.2143  
36.1935  
33.821  
31.1077  
28.0681  
24.7196  
21.0827  
17.1805  
13.0387  
8.68648  
4.15454  
-0.523811  
-5.31381  
-10.1779  
-15.078  
-19.9746  
-24.8274  
-29.5952  
-34.2368  
-38.7113  
-42.978  
-46.997  
-50.7298  
-54.139  
-57.1896  
-59.8481  
-62.0841  
-63.8695  
-65.1797  
-65.993  
-66.2919  
-66.0623  
-65.2941  
-63.9816  
-62.1232  
-59.7223  
-56.7859  
-53.3262  
-49.3595  
-44.9072  
-39.9945  
-34.651  
-28.9106  
-22.811  
-16.3937  
-9.70369  
-2.78882  
4.30009  
11.5096  
18.7843  
26.0673  
33.3001  
40.4243  
47.3798  
54.1078  
60.5496  
66.6482  
72.3474  
77.594  
82.3366  
86.5274  
90.1218  
93.0795  
95.364  
96.9439  
97.7928  
97.8896  
97.2185  
95.7703  
93.5411  
90.534  
86.7573  
82.2264  
76.963  
70.9948  
64.3556  
57.0853  
49.2293  
40.8392  
31.9711  
22.6861  
13.0497  
3.13137  
-6.99631  
-17.2565  
-27.5716  
-37.8613  
-48.0448  
-58.0398  
-67.7647  
-77.1385  
-86.0819  
-94.5171  
-102.37  
-109.568  
-116.045  
-121.737  
-126.588  
-130.544  
-133.562  
-135.6  
-136.628  
-136.622  
-135.564  
-133.445  
-130.266  
-126.035  
-120.767  
-114.487  
-107.229  
-99.0343  
-89.9511  
-80.0367  
-69.3557  
-57.9795  
-45.9855  
-33.4578  
-20.4852  
-7.16175  
6.41453  
20.1423  
33.9173  
47.6342  
61.1861  
74.4662  
87.3682  
99.7874  
111.621  
122.77  
133.14  
142.641  
151.187  
158.7  
165.111  
170.353  
174.374  
177.126  
178.572  
178.686  
177.45  
174.857  
170.911  
165.625  
159.025  
151.146  
142.033  
131.742  
120.339  
107.898  
94.5038  
80.2473  
65.2287  
49.5545  
33.3376  
16.6962  
-0.247038  
-17.3657  
-34.5311  
-51.6124  
-68.4785  
-84.9991  
-101.044  
-116.488  
-131.207  
-145.082  
-158  
-169.853  
-180.543  
-189.977  
-198.074  
-204.761  
-209.975  
-213.664  
-215.789  
-216.32  
-215.243  
-212.551  
-208.255  
-202.374  
-194.943  
-186.006  
-175.622  
-163.859  
-150.798  
-136.529  
-121.153  
-104.779  
-87.526  
-69.5196  
-50.8919  
-31.7805  
-12.3278  
7.32079  
27.0172  
46.6125  
65.9579  
84.9055  
103.31  
121.03  
137.928  
153.873  
168.74  
182.413  
194.785  
205.756  
215.241  
223.161  
229.452  
234.064  
236.956  
238.101  
236.956  
234.064  
229.452  
223.161  
215.241  
205.756  
194.785  
182.413  
168.74  
153.873  
137.928  
121.03  
103.31  
84.9055  
65.9579  
46.6125  
27.0172  
7.32079  
-12.3278  
-31.7805  
-50.8919  
-69.5196  
-87.526  
-104.779  
-121.153  
-136.529  
-150.798  
-163.859  
-175.622  
-186.006  
-194.943  
-202.374  
-208.255  
-212.551  
-215.243  
-216.32  
-215.789  
-213.664  
-209.975  
-204.761  
-198.074  
-189.977  
-180.543  
-169.853  
-158  
-145.082  
-131.207  
-116.488  
-101.044  
-84.9991  
-68.4785  
-51.6124  
-34.5311  
-17.3657  
-0.247038  
16.6962  
33.3376  
49.5545  
65.2287  
80.2473  
94.5038  
107.898  
120.339  
131.742  
142.033  
151.146  
159.025  
165.625  
170.911  
174.857  
177.45  
178.686  
178.572  
177.126  
174.374  
170.353  
165.111  
158.7  
151.187  
142.641  
133.14  
122.77  
111.621  
99.7874  
87.3682  
74.4662  
61.1861  
47.6342  
33.9173  
20.1423  
6.41453  
-7.16175  
-20.4852  
-33.4578  
-45.9855  
-57.9795  
-69.3557  
-80.0367  
-89.9511  
-99.0343  
-107.229  
-114.487  
-120.767  
-126.035  
-130.266  
-133.445  
-135.564  
-136.622  
-136.628  
-135.6  
-133.562  
-130.544  
-126.588  
-121.737  
-116.045  
-109.568  
-102.37  
-94.5171  
-86.0819  
-77.1385  
-67.7647  
-58.0398  
-48.0448  
-37.8613  
-27.5716  
-17.2565  
-6.99631  
3.13137  
13.0497  
22.6861  
31.9711  
40.8392  
49.2293  
57.0853  
64.3556  
70.9948  
76.963  
82.2264  
86.7573  
90.534  
93.5411  
95.7703  
97.2185  
97.8896  
97.7928  
96.9439  
95.364  
93.0795  
90.1218  
86.5274  
82.3366  
77.594  
72.3474  
66.6482  
60.5496  
54.1078  
47.3798  
40.4243  
33.3001  
26.0673  
18.7843  
11.5096  
4.30009  
-2.78882  
-9.70369  
-16.3937  
-22.811  
-28.9106  
-34.651  
-39.9945  
-44.9072  
-49.3595  
-53.3262  
-56.7859  
-59.7223  
-62.1232  
-63.9816  
-65.2941  
-66.0623  
-66.2919  
-65.993  
-65.1797  
-63.8695  
-62.0841  
-59.8481  
-57.1896  
-54.139  
-50.7298  
-46.997  
-42.978  
-38.7113  
-34.2368  
-29.5952  
-24.8274  
-19.9746  
-15.078  
-10.1779  
-5.31381  
-0.523811  
4.15454  
8.68648  
13.0387  
17.1805  
21.0827  
24.7196  
28.0681  
31.1077  
33.821  
36.1935  
38.2143  
39.8753  
41.1712  
42.1003  
42.6639  
42.8663  
42.714  
42.2172  
41.3881  
40.2417  
38.7947  
37.0666  
35.0783  
32.8525  
30.4132  
27.7859  
24.9967  
22.0726  
19.0412  
15.93  
12.767  
9.57932  
6.39434  
3.23825  
0.136563  
-2.88617  
-5.8067  
-8.60347  
-11.2559  
-13.7455  
-16.0556  
-18.1714  
-20.0796  
-21.7697  
-23.2328  
-24.4626  
-25.4539  
-26.2047  
-26.7145  
-26.9852  
-27.0202  
-26.8251  
-26.4076  
-25.7761  
-24.9417  
-23.9164  
-22.7136  
-21.3478  
-19.8348  
-18.1911  
-16.4337  
-14.5804  
-12.6495  
-10.6594  
-8.62829  
-6.57466  
-4.51672  
-2.47193  
-0.45761  
1.50976  
3.41442  
5.24169  
6.97775  
8.60978  
10.1264  
11.5173  
12.7737  
13.8878  
14.8535  
15.6661  
16.3222  
16.8198  
17.1586  
17.3391  
17.3636  
17.2356  
16.9599  
16.5419  
15.989  
15.3089  
14.5102  
13.6028  
12.5971  
11.5037  
10.3341  
9.10044  
7.81433  
6.48829  
5.13483  
3.76582  
2.39367  
1.03024  
-0.313006  
-1.62494  
-2.89485  
-4.11294  
-5.26967  
-6.35656  
-7.36568  
-8.29016  
-9.12387  
-9.86154  
-10.4989  
-11.0326  
-11.4604  
-11.7806  
-11.9929  
-12.0977  
-12.0961  
-11.9906  
-11.784  
-11.48  
-11.0833  
-10.5992  
-10.033  
-9.39172  
-8.68175  
-7.91048  
-7.0857  
-6.21512  
-5.30683  
-4.36933  
-3.41064  
-2.43923  
-1.46334  
-0.490942  
0.470033  
1.41187  
2.32739  
3.20954  
4.05193  
4.84841  
5.59345  
6.28204  
6.9097  
7.47255  
7.96736  
8.39135  
8.74261  
9.01954  
9.22138  
9.34802  
9.39963  
9.37726  
9.28253  
9.11718  
8.88391  
8.58576  
8.22588  
7.80846  
7.33726  
6.81691  
6.25229  
5.64804  
5.00952  
4.34196  
3.65057  
2.9411  
2.21865  
1.48875  
0.756869  
0.0279329  
-0.692755  
-1.40033  
-2.09018  
-2.75765  
-3.39871  
-4.00933  
-4.58581  
-5.1249  
-5.62363  
-6.07922  
-6.4894  
-6.85225  
-7.16603  
-7.42953  
-7.64189  
-7.80238  
-7.91082  
-7.96736  
-7.97224  
-7.92642  
-7.83051  
-7.68607  
-7.49447  
-7.25745  
-6.97721  
-6.65555  
-6.29507  
-5.89831  
-5.46777  
-5.00657  
-4.51723  
-4.00301  
-3.46699  
-2.91211  
-2.34196  
-1.75927  
-1.1675  
-0.570007  
0.0302922  
0.629919  
1.22595  
1.81521  
2.3946  
2.96125  
3.51209  
4.04456  
4.55579  
5.04318  
5.50424  
5.93662  
6.33793  
6.70621  
7.03925  
7.33528  
7.59273  
7.80972  
7.9852  
8.11759  
8.20605  
8.24967  
8.24762  
8.19969  
8.10517  
7.96433  
7.777  
7.5436  
7.26485  
6.94119  
6.57402  
6.16417  
5.71339  
5.22326  
4.69577  
4.13318  
3.53778  
2.91236  
2.25969  
1.58294  
0.885451  
0.170703  
-0.557645  
-1.29556  
-2.03902  
-2.78385  
-3.52577  
-4.26027  
-4.98282  
-5.68886  
-6.37374  
-7.03302  
-7.66178  
-8.2558  
-8.81031  
-9.32109  
-9.78409  
-10.1951  
-10.5504  
-10.8464  
-11.0799  
-11.2478  
-11.3476  
-11.377  
-11.3341  
-11.2176  
-11.0264  
-10.7602  
-10.4186  
-10.0026  
-9.51266  
-8.95067  
-8.31855  
-7.61897  
-6.85497  
-6.03022  
-5.14908  
-4.21595  
-3.23599  
-2.21494  
-1.15872  
-0.0738249  
1.03303  
2.15475  
3.28396  
4.413  
5.53412  
6.63945  
7.72086  
8.77066  
9.78044  
10.7429  
11.6497  
12.4938  
13.2678  
13.9651  
14.579  
15.1038  
15.5338  
15.8641  
16.0908  
16.2099  
16.2187  
16.1148  
15.8973  
15.5651  
15.1188  
14.5593  
13.8886  
13.1095  
12.2256  
11.2415  
10.1623  
8.99416  
7.74396  
6.41925  
5.02835  
3.58004  
2.08392  
0.549887  
-1.01151  
-2.5896  
-4.17304  
-5.75081  
-7.311  
-8.8425  
-10.3333  
-11.7725  
-13.1483  
-14.4504  
-15.6679  
-16.7909  
-17.8097  
-18.7157  
-19.5005  
-20.1568  
-20.6782  
-21.0589  
-21.2944  
-21.381  
-21.3162  
-21.0984  
-20.7274  
-20.2039  
-19.5299  
-18.7084  
-17.7438  
-16.6413  
-15.4075  
-14.0497  
-12.5765  
-10.9976  
-9.32297  
-7.5642  
-5.7331  
-3.84237  
-1.90519  
0.0646359  
2.05309  
4.04573  
6.02799  
7.98526  
9.90293  
11.7666  
13.562  
15.2756  
16.8938  
18.4041  
19.7945  
21.0538  
22.1717  
23.1389  
23.9471  
24.5891  
25.0593  
25.3528  
25.4661  
25.3973  
25.1457  
24.7121  
24.0983  
23.3079  
22.3458  
21.2179  
19.9317  
18.4957  
16.9201  
15.2152  
13.3936  
11.4677  
9.45166  
7.35951  
5.20684  
3.00885  
0.782018  
-1.45768  
-3.69347  
-5.90916  
-8.08801  
-10.2142  
-12.2716  
-14.245  
-16.1196  
-17.8815  
-19.5175  
-21.0151  
-22.3634  
-23.5521  
-24.5723  
-25.4165  
-26.0782  
-26.5527  
-26.8365  
-26.9275  
-26.825  
-26.5302  
-26.0454  
-25.3743  
-24.5224  
-23.4962  
-22.3037  
-20.9541  
-19.4578  
-17.8263  
-16.0723  
-14.209  
-12.2509  
-10.2126  
-8.10989  
-5.9584  
-3.77481  
-1.5751  
0.62388  
2.80589  
4.95466  
7.05454  
9.08995  
11.0461  
12.909  
14.6651  
16.3023  
17.8091  
19.1753  
20.3917  
21.4504  
22.3451  
23.0702  
23.6222  
23.9984  
24.1978  
24.2209  
24.0693  
23.7462  
23.256  
22.6044  
21.7983  
20.846  
19.7566  
18.5401  
17.2077  
15.7711  
14.2432  
12.6365  
10.9654  
9.24309  
7.4842  
5.70271  
3.91289  
2.12881  
0.36426  
-1.36737  
-3.05323  
-4.68079  
-6.23861  
-7.71569  
-9.10214  
-10.3889  
-11.5679  
-12.6323  
-13.5762  
-14.3947  
-15.0846  
-15.6432  
-16.0697  
-16.3638  
-16.5269  
-16.5612  
-16.4699  
-16.2579  
-15.93  
-15.4931  
-14.9539  
-14.3207  
-13.6017  
-12.8062  
-11.9439  
-11.0246  
-10.0588  
-9.05666  
-8.02887  
-6.98582  
-5.93772  
-4.89468  
-3.86635  
-2.86206  
-1.89041  
-0.959763  
-0.0773178  
0.750015  
1.5164  
2.21674  
2.84679  
3.40324  
3.88382  
4.28697  
4.61228  
4.86022  
5.03197  
5.12995  
5.15697  
5.11713  
5.01475  
4.85517  
4.64427  
4.38815  
4.09393  
3.76838  
3.41927  
3.05391  
2.68004  
2.3053  
1.93705  
1.58295  
1.24965  
0.944166  
0.672575  
0.440539  
0.253219  
0.114995  
0.0296432  
-5.243e-06  
0  
0  
0  
0  
0  
0  
0  
0  
0  
0  
0  
0  
0  
0  
0  
0  
0  
0  
0  
0  
0  
0  
0  
0  
0  
0  
0  
0  
0  
0  
0  
0  
0  
0  
0  
0  
0  
0  
0  
0  
0  
0  
0  
0  
0  
0  
0  
0  
0  
0  
0  
0  
0  
0  
0  
0  
0  
0  
0  
0  
0  
0  
0  
0  
0  
0  
0  
0  
0  
0  
0  
0  
0  
0  
0  
0  
0  
0  
0  
0  
0  
0  
0  
0  
0  
0  
0  
0  
0  
0  
0  
0  
0  
0  
0  
0  
0  
0  
0  
0  
0  
0  
0  
0  
0  
0  
0  
0  
0  
0  
0  
0  
0  
0  
0  
0  
0  
0  
0  
0  
0  
0  
0  
0  
0  
0  
0  
0  
0  
0  
0  
0  
0  
0  
0  
0  
0  
0  
0  
0  
0  
0  
0  
0  
0  
0  
0  
0  
0  
0  
0  
0  
0  
0  
0  
0  
0  
0  
0  
0  
0  
0  
0  
0  
0  
0  
0  
0  
0  
0  
0  
0  
0  
0  
0  
0  
0  
0  
0  
0  
0  
0  
0  
0  
0  
0  
0  
0  
0  
0  
0  
0  
0  
0  
0  
0  
0  
0  
0  
0  
0  
0  
0  
0  
0  
0  
0  
0  
0  
0  
0  
0  
0  
0  
0  
0  
0  
0  
0  
0  
0  
0  
0  
0  
0  
0  
0  
0  
0  
0  
0  
0  
0  
0  
0  
0  
0  
0  
0  
0  
0  
0  
0  
0  
0  
0  
0  
0  
0  
0  
0  
0  
0  
0  
0  
0  
0  
0  
0  
0  
0  
0  
0  
0  
0  
0  
0  
0  
0  
0  
0  
0  
0  
